2023-04-28 2023-04-21 2023-04-14 2023-04-07 2023-03-31 2023-03-24 2023-03-17 2023-03-10 2023-03-03 2023-02-24 2023-02-17 2023-02-10 2023-02-03 2023-01-27 2023-01-21 2023-01-13 2023-01-06 2022-12-30 2022-12-24 2022-12-16 2022-12-09 2022-12-08 Date
19917 20377 19409 19253 18223 18044 16127 15701 14436 13970 13610 14133 12886 12065 11500 10919 9777 7647 7966 4937 3908 3691 TOTAL
4212 3978 3759 3498 3263 3035 2810 2532 2229 1960 1569 2036 1730 1356 1359 1359 1070 888 727 477 285 264 filebrowser
2766 4137 3852 3527 3207 2848 2476 2542 2400 2836 2366 3080 2786 2538 2238 1987 1630 1327 1176 847 588 555 portainer
515 492 834 803 755 709 672 607 450 490 416 365 279 254 504 397 403 272 289 35 59 39 myelectricaldata
495 448 409 353 291 331 285 274 254 173 262 268 268 251 193 193 225 172 181 156 201 196 jellyfin
481 709 627 556 461 359 363 504 363 293 364 340 340 325 323 323 337 312 407 266 240 225 qbittorrent
481 367 209 298 299 359 394 249 365 269 316 429 325 238 468 468 405 328 283 193 124 94 nextcloud_ocr
472 711 651 561 472 692 642 565 495 397 374 437 353 493 407 393 377 98 359 91 321 313 epicgamesfree
425 380 346 320 283 247 246 288 248 191 243 192 192 217 146 146 121 90 88 55 37 35 sonarr_nas
353 326 313 300 289 277 262 252 240 227 218 193 183 168 142 126 98 88 75 39 30 29 arpspoof
319 216 211 213 221 274 203 206 277 145 202 333 260 277 254 254 294 218 282 205 204 195 transmission_ls
313 288 275 263 249 240 231 214 200 190 171 157 148 134 110 100 85 78 70 37 25 22 organizr
302 271 235 212 178 144 121 76 188 170 121 148 113 223 174 119 117 123 104 45 19 14 zoneminder
288 279 250 254 307 243 252 236 226 196 225 281 231 243 288 288 237 181 298 226 195 195 plex_nas
283 261 249 238 231 219 210 195 189 179 166 152 133 123 108 98 80 66 51 23 15 14 xteve
280 382 347 322 281 250 86 290 257 222 235 191 186 208 200 200 128 95 91 47 31 29 radarr_nas
259 232 211 194 169 139 200 167 150 123 143 132 184 157 93 114 94 73 52 44 34 32 tandoor_recipes
244 187 351 322 301 262 236 202 158 111 176 148 152 108 134 134 123 84 104 57 86 80 paperless_ng
242 221 209 196 186 180 171 145 144 133 119 102 103 150 132 119 99 73 64 33 27 27 overseerr
235 373 337 306 282 232 284 228 298 268 243 201 170 122 188 144 176 150 131 91 59 57 guacamole
231 185 129 606 588 562 542 501 465 434 404 373 368 328 276 192 142 7 90 53 38 35 mealie
227 198 174 147 114 147 130 184 179 157 135 114 107 114 102 102 87 72 61 33 22 20 cloudcommander
226 183 149 140 143 130 137 156 125 97 113 118 152 127 122 122 120 86 122 79 67 65 webtop_kde
223 203 193 190 183 171 165 154 149 143 132 122 118 104 85 76 67 56 49 24 20 18 baikal
220 217 217 249 224 215 226 214 395 371 339 300 287 251 207 169 163 144 110 68 47 47 fireflyiii
219 187 148 161 186 150 145 86 127 83 155 124 112 127 115 115 125 98 112 86 107 69 calibre
216 186 170 155 138 121 88 303 282 266 241 221 198 168 148 125 102 87 80 45 21 19 addons_updater
215 189 177 170 166 158 153 138 126 114 104 89 87 82 64 52 46 43 37 19 13 13 teamspeak
203 180 151 138 120 104 108 150 133 116 96 159 149 130 105 85 69 74 81 48 24 23 joplin
194 174 160 154 150 146 138 129 115 112 109 100 94 72 62 62 76 61 84 57 50 50 nzbget
188 169 150 143 139 133 123 105 83 125 117 108 92 89 68 53 47 38 29 13 7 7 gazpar2mqtt
188 158 126 109 95 79 119 92 66 42 277 270 243 225 193 164 139 109 97 61 43 40 browserless_chrome
183 186 177 170 168 173 168 157 146 123 148 151 120 138 129 129 120 114 142 100 114 113 prowlarr
183 177 181 171 169 161 159 154 148 110 134 140 111 129 118 118 94 106 136 104 95 95 jackett_nas
162 142 128 117 108 94 83 76 61 57 55 45 39 31 37 37 19 11 28 12 10 8 resiliosync
159 131 131 266 256 237 225 203 184 171 150 150 136 113 91 89 71 43 60 38 22 20 scrutiny-fa
157 137 126 120 114 109 104 98 91 86 79 78 74 71 59 46 40 34 29 12 7 7 inadyn
156 134 120 99 86 95 177 156 131 132 118 103 84 83 77 73 62 51 47 23 16 15 fireflyiii_data_importer
152 113 92 74 54 35 14 - - - - - - - - - - - - - - - sponsorblockcast
145 113 107 106 101 97 90 84 74 64 67 61 56 51 29 29 20 8 44 28 26 26 webtrees
136 119 110 106 98 89 82 71 67 62 56 49 44 37 68 68 57 41 37 19 10 9 ubooquity
130 111 95 88 100 94 82 146 138 128 117 112 100 90 70 56 44 39 34 11 7 6 flaresolverr
121 103 90 88 84 80 73 59 93 92 87 81 73 65 50 40 39 30 24 9 4 4 ombi
118 194 161 140 119 88 98 146 119 104 139 121 98 75 155 155 134 110 95 82 17 17 code_server
115 94 81 76 66 52 43 169 153 143 138 131 119 111 89 75 65 55 46 29 17 15 wger
112 91 104 158 144 132 119 103 81 130 127 112 97 74 81 81 67 48 84 58 58 58 scrutiny
112 108 90 105 286 266 248 221 200 179 161 123 107 85 150 150 145 127 99 60 72 66 emby
110 109 112 105 103 97 108 95 115 76 82 75 79 84 127 105 93 88 78 53 51 51 omada
109 95 256 245 233 216 204 183 162 148 140 117 90 72 145 145 126 80 97 67 54 54 transmission_openvpn
108 121 278 261 246 225 214 112 170 152 126 96 91 87 143 143 121 112 103 78 81 81 photoprism
103 76 54 259 251 240 232 218 216 204 199 180 168 148 135 119 97 82 72 41 32 29 whoogle-search
102 84 21 107 94 84 101 105 88 51 23 66 10 86 22 22 73 72 81 69 73 69 calibre_web
102 68 20 69 62 94 87 74 59 45 79 72 63 53 39 57 38 45 32 21 14 12 gitea
101 88 82 76 74 71 67 63 61 55 55 51 50 48 34 33 31 32 32 20 18 18 joal
101 158 140 132 122 117 106 98 127 120 117 107 93 80 84 84 49 103 98 75 69 68 bazarr
100 84 67 59 47 39 35 25 17 15 38 32 23 26 32 32 22 19 53 33 27 26 piwigo
91 75 67 64 63 60 60 58 55 52 51 49 45 41 28 24 25 22 18 4 1 1 requestrr
90 63 50 51 207 193 186 167 160 149 140 133 119 103 80 64 50 39 26 7 4 4 vaultwarden
88 76 68 63 60 58 55 50 47 45 41 39 33 29 20 16 8 24 18 5 7 7 fireflyiii_fints_importer
88 71 62 59 54 51 41 31 27 79 70 63 56 46 29 25 55 49 45 27 23 22 spotweb
83 70 62 59 54 49 41 26 90 85 86 78 72 69 52 47 45 31 31 13 7 7 elasticsearch
82 76 66 64 75 69 60 60 62 50 67 58 43 65 58 58 52 42 68 51 45 44 lidarr_nas
79 70 57 58 56 71 65 60 59 49 60 48 54 62 52 52 43 39 65 49 42 41 readarr_nas
77 51 40 34 32 54 46 38 29 22 38 34 19 25 61 61 50 49 43 21 17 17 seafile
76 47 61 49 35 39 31 17 9 - - - - - - - - - - - - - binance_trading_bot
75 56 42 35 30 13 9 42 27 98 87 73 72 65 45 38 55 48 43 21 10 9 grav
68 52 46 44 41 55 53 47 51 44 53 44 37 56 59 45 42 33 63 33 32 31 plex-media-manager
53 38 31 31 31 31 31 31 30 30 120 110 99 91 68 65 53 42 35 16 11 9 papermerge
52 41 29 45 32 38 32 33 32 30 31 36 26 37 30 23 20 24 38 22 26 26 flexget
49 44 31 33 28 31 27 23 20 16 11 7 2 - - - - - - - - - sabnzbd
49 39 99 87 78 72 69 63 54 28 17 20 17 22 69 62 41 28 45 18 7 5 myelectricaldata_dev
47 37 30 27 36 35 28 21 29 26 22 23 17 25 32 32 21 22 20 11 9 9 unpackerr
42 34 46 58 53 70 60 48 21 23 29 22 29 28 2 2 0 - - - - - immich
38 26 20 17 17 46 43 40 34 28 27 23 21 20 25 25 24 22 19 6 3 3 mylar3
36 29 21 14 22 13 1 - - - - - - - - - - - - - - - autobrr
34 39 26 55 46 42 37 29 22 26 55 51 43 37 44 44 40 31 30 12 8 7 tdarr
28 20 13 11 17 13 15 17 17 10 19 17 14 27 43 38 34 30 24 7 13 11 omada_v3
